12 38 63 78 152 186 194 197 108 141 51 110 31 156 45 28 160 175 2 35 105 180 33 82
48 50 91 113 115 178 69 130 177 82 180 163 18 105 93 59 65 196 116 198 101
9 27 35 49 56 94 123 181 37 159 108 172 137 175 92 66 174 47 33 113 58
21 22 47 54 101 155 166 173 179 187 162 6 36 24 145 65 3 86 109 43
28 43 144 159 146 178 173 154 199 19 92 172 200 132
1 25 64 76 81 95 120 140 145 182 3 114 199 121 105 108 57 41 196 13 113 34 84 66 70 165
7 19 82 109 125 156 189 81 83 9 43 108 151 36 92 64 172 138 127 37 51 94 116 67 107 68 71 119
29 59 112 135 176 57 102 151 58 8 191 81 122 37 141 10 30 172 72 42
8 14 15 55 60 96 133 149 158 174 41 30 189 115 27 35 33 131 13 132 67 78 58 9
20 46 84 100 147 150 185 188 199 44 78 65 12 83 179 130 104 156 31
36 67 70 103 107 114 124 129 151 161 180 119 125 156 175 145 197 65 158 25 108 168 182 34 77 31 195 30 141 89 88 57 8 152
11 33 80 92 97 105 130 142 107 179 109 118 61 189 10 131 166 160 49 121
10 52 61 79 88 90 132 139 157 198 200 199 135 87 81 85 192 165 120 153 98 62 167 148
23 24 83 111 119 121 153 154 186 31 122 85 56 113 115 141 99 84 58 103 185 188
17 37 41 75 99 122 134 141 184 191 101 7 150 54 147 91 119 129 28 192 151 89 165 181 79 152 29 94 127 84
39 72 74 85 128 162 167 168 196 118 35 92 181 6 141 110 153 93 50 127 114 164 100 56 70
3 87 93 106 131 138 148 171 172 109 114 37 79 20 126 117 9 50 105 110
2 13 51 77 117 137 170 176 183 190 1 107 152 135 37 178 48 130 95 85 50 71 125 156 78 101 14 128 193
26 53 89 98 136 163 20 153 62 131 44 45 27 156 35 120 97 39 34 113 148 22
34 71 102 199 189 24 61 182 174 13 103 19 132 152 62 139 81 171 134
5 57 65 110 127 143 169 193 62 124 102 20 97 45 186 78 61
4 18 31 45 66 68 86 46 149 152 63 116 92 118 75 103 126 174
44 104 118 160 164 175 192 174 84 119 151 58 165 108 148 135 35 8 139 52
16 40 69 116 126 146 177 195 5 86 79 141 186 130 158 47 153 17 118 122 121 29
6 30 32 42 58 62 73 108 165 132 152 182 69 47 52 114 193 26 87 101 43 200 68 92 113
